(kicad_pcb (version 20171130) (host pcbnew "(5.0.1-3-g963ef8bb5)")

  (general
    (thickness 1.6)
    (drawings 49)
    (tracks 753)
    (zones 0)
    (modules 76)
    (nets 61)
  )

  (page A4)
  (title_block
    (title "Smart Citizen")
    (date 2019-02-18)
    (rev 0.1v)
    (company "Electronic Cats")
    (comment 1 "Eduardo Contreras")
  )

  (layers
    (0 F.Cu signal)
    (31 B.Cu signal)
    (32 B.Adhes user)
    (33 F.Adhes user)
    (34 B.Paste user)
    (35 F.Paste user)
    (36 B.SilkS user)
    (37 F.SilkS user)
    (38 B.Mask user)
    (39 F.Mask user)
    (40 Dwgs.User user)
    (41 Cmts.User user)
    (42 Eco1.User user)
    (43 Eco2.User user)
    (44 Edge.Cuts user)
    (45 Margin user)
    (46 B.CrtYd user)
    (47 F.CrtYd user)
    (48 B.Fab user hide)
    (49 F.Fab user hide)
  )

  (setup
    (last_trace_width 0.3)
    (trace_clearance 0.25)
    (zone_clearance 0.508)
    (zone_45_only no)
    (trace_min 0.2)
    (segment_width 0.2)
    (edge_width 0.15)
    (via_size 0.8)
    (via_drill 0.4)
    (via_min_size 0.4)
    (via_min_drill 0.3)
    (uvia_size 0.3)
    (uvia_drill 0.1)
    (uvias_allowed no)
    (uvia_min_size 0.2)
    (uvia_min_drill 0.1)
    (pcb_text_width 0.3)
    (pcb_text_size 1.5 1.5)
    (mod_edge_width 0.15)
    (mod_text_size 1 1)
    (mod_text_width 0.15)
    (pad_size 6.4 6.4)
    (pad_drill 3.2)
    (pad_to_mask_clearance 0.2)
    (solder_mask_min_width 0.25)
    (aux_axis_origin 0 0)
    (visible_elements 7FFFFFFF)
    (pcbplotparams
      (layerselection 0x010fc_ffffffff)
      (usegerberextensions true)
      (usegerberattributes false)
      (usegerberadvancedattributes false)
      (creategerberjobfile false)
      (excludeedgelayer true)
      (linewidth 0.100000)
      (plotframeref false)
      (viasonmask false)
      (mode 1)
      (useauxorigin false)
      (hpglpennumber 1)
      (hpglpenspeed 20)
      (hpglpendiameter 15.000000)
      (psnegative false)
      (psa4output false)
      (plotreference true)
      (plotvalue true)
      (plotinvisibletext false)
      (padsonsilk false)
      (subtractmaskfromsilk false)
      (outputformat 1)
      (mirror false)
      (drillshape 0)
      (scaleselection 1)
      (outputdirectory "gerber_citizen01/"))
  )

  (net 0 "")
  (net 1 "Net-(AE1-Pad1)")
  (net 2 GND)
  (net 3 VCC)
  (net 4 +3V3)
  (net 5 /BATT)
  (net 6 "Net-(C8-Pad1)")
  (net 7 "Net-(C12-Pad1)")
  (net 8 "Net-(C12-Pad2)")
  (net 9 "Net-(C13-Pad2)")
  (net 10 "Net-(C13-Pad1)")
  (net 11 "Net-(C14-Pad2)")
  (net 12 /BATTLEVEL)
  (net 13 "Net-(D2-Pad1)")
  (net 14 "Net-(D3-Pad1)")
  (net 15 "Net-(D4-Pad1)")
  (net 16 "Net-(D4-Pad2)")
  (net 17 "Net-(D5-Pad1)")
  (net 18 "Net-(F1-Pad1)")
  (net 19 /D-)
  (net 20 /D+)
  (net 21 /SCL)
  (net 22 /SDA)
  (net 23 /SWDIO)
  (net 24 /SWCLK)
  (net 25 /WAKE)
  (net 26 /INTCSS)
  (net 27 "Net-(J6-Pad8)")
  (net 28 /INT)
  (net 29 "Net-(Q1-Pad1)")
  (net 30 "Net-(Q1-Pad3)")
  (net 31 "Net-(R1-Pad1)")
  (net 32 /NO2)
  (net 33 "Net-(R4-Pad1)")
  (net 34 "Net-(R5-Pad1)")
  (net 35 /CO2)
  (net 36 "Net-(R7-Pad1)")
  (net 37 "Net-(R10-Pad1)")
  (net 38 "Net-(R11-Pad2)")
  (net 39 "Net-(R18-Pad1)")
  (net 40 "Net-(R18-Pad2)")
  (net 41 ENVOL)
  (net 42 /PRE_HEALTING)
  (net 43 "Net-(RV1-Pad1)")
  (net 44 "Net-(SW1-Pad2)")
  (net 45 /ADC_OX)
  (net 46 /ADC_RED)
  (net 47 /MISO)
  (net 48 /MOSI)
  (net 49 /SCK)
  (net 50 /SS)
  (net 51 /RFM_RST)
  (net 52 /DIO5)
  (net 53 "Net-(U6-Pad11)")
  (net 54 "Net-(U6-Pad12)")
  (net 55 /DIO0)
  (net 56 /DIO1)
  (net 57 /DIO2)
  (net 58 "Net-(U8-Pad14)")
  (net 59 "Net-(U8-Pad15)")
  (net 60 "Net-(U8-Pad27)")

  (net_class Default "This is the default net class."
    (clearance 0.25)
    (trace_width 0.3)
    (via_dia 0.8)
    (via_drill 0.4)
    (uvia_dia 0.3)
    (uvia_drill 0.1)
    (diff_pair_gap 0.25)
    (diff_pair_width 0.25)
    (add_net /ADC_OX)
    (add_net /ADC_RED)
    (add_net /BATT)
    (add_net /BATTLEVEL)
    (add_net /CO2)
    (add_net /D+)
    (add_net /D-)
    (add_net /DIO0)
    (add_net /DIO1)
    (add_net /DIO2)
    (add_net /DIO5)
    (add_net /INT)
    (add_net /INTCSS)
    (add_net /MISO)
    (add_net /MOSI)
    (add_net /NO2)
    (add_net /PRE_HEALTING)
    (add_net /RFM_RST)
    (add_net /SCK)
    (add_net /SCL)
    (add_net /SDA)
    (add_net /SS)
    (add_net /SWCLK)
    (add_net /SWDIO)
    (add_net /WAKE)
    (add_net "Net-(C12-Pad1)")
    (add_net "Net-(C12-Pad2)")
    (add_net "Net-(C13-Pad1)")
    (add_net "Net-(C13-Pad2)")
    (add_net "Net-(C14-Pad2)")
    (add_net "Net-(C8-Pad1)")
    (add_net "Net-(D2-Pad1)")
    (add_net "Net-(D3-Pad1)")
    (add_net "Net-(D4-Pad1)")
    (add_net "Net-(D4-Pad2)")
    (add_net "Net-(D5-Pad1)")
    (add_net "Net-(F1-Pad1)")
    (add_net "Net-(J6-Pad8)")
    (add_net "Net-(Q1-Pad1)")
    (add_net "Net-(Q1-Pad3)")
    (add_net "Net-(R1-Pad1)")
    (add_net "Net-(R10-Pad1)")
    (add_net "Net-(R11-Pad2)")
    (add_net "Net-(R18-Pad1)")
    (add_net "Net-(R18-Pad2)")
    (add_net "Net-(R4-Pad1)")
    (add_net "Net-(R5-Pad1)")
    (add_net "Net-(R7-Pad1)")
    (add_net "Net-(RV1-Pad1)")
    (add_net "Net-(SW1-Pad2)")
    (add_net "Net-(U6-Pad11)")
    (add_net "Net-(U6-Pad12)")
    (add_net "Net-(U8-Pad14)")
    (add_net "Net-(U8-Pad15)")
    (add_net "Net-(U8-Pad27)")
  )

  (net_class vcc ""
    (clearance 0.25)
    (trace_width 0.5)
    (via_dia 0.8)
    (via_drill 0.4)
    (uvia_dia 0.3)
    (uvia_drill 0.1)
    (add_net +3V3)
    (add_net ENVOL)
    (add_net GND)
    (add_net "Net-(AE1-Pad1)")
    (add_net VCC)
  )

  (module Button_Switch_SMD:SW_SPST_TL3342 (layer F.Cu) (tedit 5C6DFCB3) (tstamp 5C6BB2FE)
    (at 172 77.5 270)
    (descr "Low-profile SMD Tactile Switch, https://www.e-switch.com/system/asset/product_line/data_sheet/165/TL3342.pdf")
    (tags "SPST Tactile Switch")
    (path /5C478B86)
    (attr smd)
    (fp_text reference SW1 (at 0 3.8 270) (layer F.Fab)
      (effects (font (size 1 1) (thickness 0.15)))
    )
    (fp_text value RST (at -4.85 0.05) (layer F.SilkS)
      (effects (font (size 1 1) (thickness 0.15)))
    )
    (fp_text user %R (at 0 -3.75 270) (layer F.Fab)
      (effects (font (size 1 1) (thickness 0.15)))
    )
    (fp_line (start 3.2 2.1) (end 3.2 1.6) (layer F.Fab) (width 0.1))
    (fp_line (start 3.2 -2.1) (end 3.2 -1.6) (layer F.Fab) (width 0.1))
    (fp_line (start -3.2 2.1) (end -3.2 1.6) (layer F.Fab) (width 0.1))
    (fp_line (start -3.2 -2.1) (end -3.2 -1.6) (layer F.Fab) (width 0.1))
    (fp_line (start 2.7 -2.1) (end 2.7 -1.6) (layer F.Fab) (width 0.1))
    (fp_line (start 1.7 -2.1) (end 3.2 -2.1) (layer F.Fab) (width 0.1))
    (fp_line (start 3.2 -1.6) (end 2.2 -1.6) (layer F.Fab) (width 0.1))
    (fp_line (start -2.7 -2.1) (end -2.7 -1.6) (layer F.Fab) (width 0.1))
    (fp_line (start -1.7 -2.1) (end -3.2 -2.1) (layer F.Fab) (width 0.1))
    (fp_line (start -3.2 -1.6) (end -2.2 -1.6) (layer F.Fab) (width 0.1))
    (fp_line (start -2.7 2.1) (end -2.7 1.6) (layer F.Fab) (width 0.1))
    (fp_line (start -3.2 1.6) (end -2.2 1.6) (layer F.Fab) (width 0.1))
    (fp_line (start -1.7 2.1) (end -3.2 2.1) (layer F.Fab) (width 0.1))
    (fp_line (start 1.7 2.1) (end 3.2 2.1) (layer F.Fab) (width 0.1))
    (fp_line (start 2.7 2.1) (end 2.7 1.6) (layer F.Fab) (width 0.1))
    (fp_line (start 3.2 1.6) (end 2.2 1.6) (layer F.Fab) (width 0.1))
    (fp_line (start -1.7 2.3) (end -1.25 2.75) (layer F.SilkS) (width 0.12))
    (fp_line (start 1.7 2.3) (end 1.25 2.75) (layer F.SilkS) (width 0.12))
    (fp_line (start 1.7 -2.3) (end 1.25 -2.75) (layer F.SilkS) (width 0.12))
    (fp_line (start -1.7 -2.3) (end -1.25 -2.75) (layer F.SilkS) (width 0.12))
    (fp_line (start -2 -1) (end -1 -2) (layer F.Fab) (width 0.1))
    (fp_line (start -1 -2) (end 1 -2) (layer F.Fab) (width 0.1))
    (fp_line (start 1 -2) (end 2 -1) (layer F.Fab) (width 0.1))
    (fp_line (start 2 -1) (end 2 1) (layer F.Fab) (width 0.1))
    (fp_line (start 2 1) (end 1 2) (layer F.Fab) (width 0.1))
    (fp_line (start 1 2) (end -1 2) (layer F.Fab) (width 0.1))
    (fp_line (start -1 2) (end -2 1) (layer F.Fab) (width 0.1))
    (fp_line (start -2 1) (end -2 -1) (layer F.Fab) (width 0.1))
    (fp_line (start 2.75 -1) (end 2.75 1) (layer F.SilkS) (width 0.12))
    (fp_line (start -1.25 2.75) (end 1.25 2.75) (layer F.SilkS) (width 0.12))
    (fp_line (start -2.75 -1) (end -2.75 1) (layer F.SilkS) (width 0.12))
    (fp_line (start -1.25 -2.75) (end 1.25 -2.75) (layer F.SilkS) (width 0.12))
    (fp_line (start -2.6 -1.2) (end -2.6 1.2) (layer F.Fab) (width 0.1))
    (fp_line (start -2.6 1.2) (end -1.2 2.6) (layer F.Fab) (width 0.1))
    (fp_line (start -1.2 2.6) (end 1.2 2.6) (layer F.Fab) (width 0.1))
    (fp_line (start 1.2 2.6) (end 2.6 1.2) (layer F.Fab) (width 0.1))
    (fp_line (start 2.6 1.2) (end 2.6 -1.2) (layer F.Fab) (width 0.1))
    (fp_line (start 2.6 -1.2) (end 1.2 -2.6) (layer F.Fab) (width 0.1))
    (fp_line (start 1.2 -2.6) (end -1.2 -2.6) (layer F.Fab) (width 0.1))
    (fp_line (start -1.2 -2.6) (end -2.6 -1.2) (layer F.Fab) (width 0.1))
    (fp_line (start -4.25 -3) (end 4.25 -3) (layer F.CrtYd) (width 0.05))
    (fp_line (start 4.25 -3) (end 4.25 3) (layer F.CrtYd) (width 0.05))
    (fp_line (start 4.25 3) (end -4.25 3) (layer F.CrtYd) (width 0.05))
    (fp_line (start -4.25 3) (end -4.25 -3) (layer F.CrtYd) (width 0.05))
    (fp_circle (center 0 0) (end 1 0) (layer F.Fab) (width 0.1))
    (pad 1 smd rect (at -3.15 -1.9 270) (size 1.7 1) (layers F.Cu F.Paste F.Mask)
      (net 2 GND))
    (pad 1 smd rect (at 3.15 -1.9 270) (size 1.7 1) (layers F.Cu F.Paste F.Mask)
      (net 2 GND))
    (pad 2 smd rect (at -3.15 1.9 270) (size 1.7 1) (layers F.Cu F.Paste F.Mask)
      (net 44 "Net-(SW1-Pad2)"))
    (pad 2 smd rect (at 3.15 1.9 270) (size 1.7 1) (layers F.Cu F.Paste F.Mask)
      (net 44 "Net-(SW1-Pad2)"))
    (model ${KISYS3DMOD}/Button_Switch_SMD.3dshapes/SW_SPST_TL3342.wrl
      (at (xyz 0 0 0))
      (scale (xyz 1 1 1))
      (rotate (xyz 0 0 0))
    )
  )

  (module Rf:AMPHENOL_901-144 (layer B.Cu) (tedit 5C6DEFF7) (tstamp 5C6BD1A5)
    (at 140.95 45.5 180)
    (path /5C48C2A7)
    (solder_mask_margin 0.1)
    (fp_text reference AE1 (at 4.1 -5.075 180) (layer B.Fab)
      (effects (font (size 1.64 1.64) (thickness 0.15)) (justify mirror))
    )
    (fp_text value Antenna_Shield (at 0 -5 180) (layer B.Fab)
      (effects (font (size 1.64 1.64) (thickness 0.15)) (justify mirror))
    )
    (fp_line (start -1.2954 -3.5052) (end 1.2954 -3.5052) (layer B.SilkS) (width 0.1524))
    (fp_line (start 3.5052 -1.2954) (end 3.5052 1.2954) (layer B.SilkS) (width 0.1524))
    (fp_line (start 1.2954 3.5052) (end -1.2954 3.5052) (layer B.SilkS) (width 0.1524))
    (fp_line (start -3.5052 1.2954) (end -3.5052 -1.2954) (layer B.SilkS) (width 0.1524))
    (fp_line (start -3.5052 -3.5052) (end 3.5052 -3.5052) (layer Dwgs.User) (width 0.1524))
    (fp_line (start 3.5052 -3.5052) (end 3.5052 3.5052) (layer Dwgs.User) (width 0.1524))
    (fp_line (start 3.5052 3.5052) (end -3.5052 3.5052) (layer Dwgs.User) (width 0.1524))
    (fp_line (start -3.5052 3.5052) (end -3.5052 -3.5052) (layer Dwgs.User) (width 0.1524))
    (pad 1 thru_hole circle (at 0 0 180) (size 2.5527 2.5527) (drill 1.7018) (layers *.Cu *.Mask B.SilkS)
      (net 1 "Net-(AE1-Pad1)") (solder_mask_margin 0.2))
    (pad 2 thru_hole circle (at -2.54 2.54 180) (size 2.5527 2.5527) (drill 1.7018) (layers *.Cu *.Mask B.SilkS)
      (net 2 GND) (solder_mask_margin 0.2))
    (pad 2 thru_hole circle (at -2.54 -2.54 180) (size 2.5527 2.5527) (drill 1.7018) (layers *.Cu *.Mask B.SilkS)
      (net 2 GND) (solder_mask_margin 0.2))
    (pad 2 thru_hole circle (at 2.54 -2.54 180) (size 2.5527 2.5527) (drill 1.7018) (layers *.Cu *.Mask B.SilkS)
      (net 2 GND) (solder_mask_margin 0.2))
    (pad 2 thru_hole circle (at 2.54 2.54 180) (size 2.5527 2.5527) (drill 1.7018) (layers *.Cu *.Mask B.SilkS)
      (net 2 GND) (solder_mask_margin 0.2))
  )

  (module Package_TO_SOT_SMD:SOT-23-5 (layer F.Cu) (tedit 5A02FF57) (tstamp 5C6DFD22)
    (at 155.65 51.3 270)
    (descr "5-pin SOT23 package")
    (tags SOT-23-5)
    (path /5C49572E)
    (attr smd)
    (fp_text reference U2 (at 0.05 2.375 270) (layer F.SilkS)
      (effects (font (size 1 1) (thickness 0.15)))
    )
    (fp_text value MCP73831 (at 0 2.9 270) (layer F.Fab)
      (effects (font (size 1 1) (thickness 0.15)))
    )
    (fp_line (start 0.9 -1.55) (end 0.9 1.55) (layer F.Fab) (width 0.1))
    (fp_line (start 0.9 1.55) (end -0.9 1.55) (layer F.Fab) (width 0.1))
    (fp_line (start -0.9 -0.9) (end -0.9 1.55) (layer F.Fab) (width 0.1))
    (fp_line (start 0.9 -1.55) (end -0.25 -1.55) (layer F.Fab) (width 0.1))
    (fp_line (start -0.9 -0.9) (end -0.25 -1.55) (layer F.Fab) (width 0.1))
    (fp_line (start -1.9 1.8) (end -1.9 -1.8) (layer F.CrtYd) (width 0.05))
    (fp_line (start 1.9 1.8) (end -1.9 1.8) (layer F.CrtYd) (width 0.05))
    (fp_line (start 1.9 -1.8) (end 1.9 1.8) (layer F.CrtYd) (width 0.05))
    (fp_line (start -1.9 -1.8) (end 1.9 -1.8) (layer F.CrtYd) (width 0.05))
    (fp_line (start 0.9 -1.61) (end -1.55 -1.61) (layer F.SilkS) (width 0.12))
    (fp_line (start -0.9 1.61) (end 0.9 1.61) (layer F.SilkS) (width 0.12))
    (fp_text user %R (at 0 0) (layer F.Fab)
      (effects (font (size 0.5 0.5) (thickness 0.075)))
    )
    (pad 5 smd rect (at 1.1 -0.95 270) (size 1.06 0.65) (layers F.Cu F.Paste F.Mask)
      (net 34 "Net-(R5-Pad1)"))
    (pad 4 smd rect (at 1.1 0.95 270) (size 1.06 0.65) (layers F.Cu F.Paste F.Mask)
      (net 3 VCC))
    (pad 3 smd rect (at -1.1 0.95 270) (size 1.06 0.65) (layers F.Cu F.Paste F.Mask)
      (net 5 /BATT))
    (pad 2 smd rect (at -1.1 0 270) (size 1.06 0.65) (layers F.Cu F.Paste F.Mask)
      (net 2 GND))
    (pad 1 smd rect (at -1.1 -0.95 270) (size 1.06 0.65) (layers F.Cu F.Paste F.Mask)
      (net 36 "Net-(R7-Pad1)"))
    (model ${KISYS3DMOD}/Package_TO_SOT_SMD.3dshapes/SOT-23-5.wrl
      (at (xyz 0 0 0))
      (scale (xyz 1 1 1))
      (rotate (xyz 0 0 0))
    )
  )

  (module Package_QFP:TQFP-32_7x7mm_P0.8mm (layer B.Cu) (tedit 5A02F146) (tstamp 5C6BB25D)
    (at 150 80 90)
    (descr "32-Lead Plastic Thin Quad Flatpack (PT) - 7x7x1.0 mm Body, 2.00 mm [TQFP] (see Microchip Packaging Specification 00000049BS.pdf)")
    (tags "QFP 0.8")
    (path /5C5C9AE3)
    (attr smd)
    (fp_text reference U8 (at 4.4 4.5 90) (layer B.SilkS)
      (effects (font (size 1 1) (thickness 0.15)) (justify mirror))
    )
    (fp_text value ATSAMD21E18A-MU (at 0 -6.05 90) (layer B.Fab)
      (effects (font (size 1 1) (thickness 0.15)) (justify mirror))
    )
    (fp_text user %R (at 0 0 90) (layer B.Fab)
      (effects (font (size 1 1) (thickness 0.15)) (justify mirror))
    )
    (fp_line (start -2.5 3.5) (end 3.5 3.5) (layer B.Fab) (width 0.15))
    (fp_line (start 3.5 3.5) (end 3.5 -3.5) (layer B.Fab) (width 0.15))
    (fp_line (start 3.5 -3.5) (end -3.5 -3.5) (layer B.Fab) (width 0.15))
    (fp_line (start -3.5 -3.5) (end -3.5 2.5) (layer B.Fab) (width 0.15))
    (fp_line (start -3.5 2.5) (end -2.5 3.5) (layer B.Fab) (width 0.15))
    (fp_line (start -5.3 5.3) (end -5.3 -5.3) (layer B.CrtYd) (width 0.05))
    (fp_line (start 5.3 5.3) (end 5.3 -5.3) (layer B.CrtYd) (width 0.05))
    (fp_line (start -5.3 5.3) (end 5.3 5.3) (layer B.CrtYd) (width 0.05))
    (fp_line (start -5.3 -5.3) (end 5.3 -5.3) (layer B.CrtYd) (width 0.05))
    (fp_line (start -3.625 3.625) (end -3.625 3.4) (layer B.SilkS) (width 0.15))
    (fp_line (start 3.625 3.625) (end 3.625 3.3) (layer B.SilkS) (width 0.15))
    (fp_line (start 3.625 -3.625) (end 3.625 -3.3) (layer B.SilkS) (width 0.15))
    (fp_line (start -3.625 -3.625) (end -3.625 -3.3) (layer B.SilkS) (width 0.15))
    (fp_line (start -3.625 3.625) (end -3.3 3.625) (layer B.SilkS) (width 0.15))
    (fp_line (start -3.625 -3.625) (end -3.3 -3.625) (layer B.SilkS) (width 0.15))
    (fp_line (start 3.625 -3.625) (end 3.3 -3.625) (layer B.SilkS) (width 0.15))
    (fp_line (start 3.625 3.625) (end 3.3 3.625) (layer B.SilkS) (width 0.15))
    (fp_line (start -3.625 3.4) (end -5.05 3.4) (layer B.SilkS) (width 0.15))
    (pad 1 smd rect (at -4.25 2.8 90) (size 1.6 0.55) (layers B.Cu B.Paste B.Mask)
      (net 22 /SDA))
    (pad 2 smd rect (at -4.25 2 90) (size 1.6 0.55) (layers B.Cu B.Paste B.Mask)
      (net 21 /SCL))
    (pad 3 smd rect (at -4.25 1.2 90) (size 1.6 0.55) (layers B.Cu B.Paste B.Mask)
      (net 41 ENVOL))
    (pad 4 smd rect (at -4.25 0.4 90) (size 1.6 0.55) (layers B.Cu B.Paste B.Mask)
      (net 55 /DIO0))
    (pad 5 smd rect (at -4.25 -0.4 90) (size 1.6 0.55) (layers B.Cu B.Paste B.Mask)
      (net 45 /ADC_OX))
    (pad 6 smd rect (at -4.25 -1.2 90) (size 1.6 0.55) (layers B.Cu B.Paste B.Mask)
      (net 46 /ADC_RED))
    (pad 7 smd rect (at -4.25 -2 90) (size 1.6 0.55) (layers B.Cu B.Paste B.Mask)
      (net 12 /BATTLEVEL))
    (pad 8 smd rect (at -4.25 -2.8 90) (size 1.6 0.55) (layers B.Cu B.Paste B.Mask)
      (net 26 /INTCSS))
    (pad 9 smd rect (at -2.8 -4.25) (size 1.6 0.55) (layers B.Cu B.Paste B.Mask)
      (net 4 +3V3))
    (pad 10 smd rect (at -2 -4.25) (size 1.6 0.55) (layers B.Cu B.Paste B.Mask)
      (net 2 GND))
    (pad 11 smd rect (at -1.2 -4.25) (size 1.6 0.55) (layers B.Cu B.Paste B.Mask)
      (net 28 /INT))
    (pad 12 smd rect (at -0.4 -4.25) (size 1.6 0.55) (layers B.Cu B.Paste B.Mask)
      (net 42 /PRE_HEALTING))
    (pad 13 smd rect (at 0.4 -4.25) (size 1.6 0.55) (layers B.Cu B.Paste B.Mask)
      (net 25 /WAKE))
    (pad 14 smd rect (at 1.2 -4.25) (size 1.6 0.55) (layers B.Cu B.Paste B.Mask)
      (net 58 "Net-(U8-Pad14)"))
    (pad 15 smd rect (at 2 -4.25) (size 1.6 0.55) (layers B.Cu B.Paste B.Mask)
      (net 59 "Net-(U8-Pad15)"))
    (pad 16 smd rect (at 2.8 -4.25) (size 1.6 0.55) (layers B.Cu B.Paste B.Mask)
      (net 52 /DIO5))
    (pad 17 smd rect (at 4.25 -2.8 90) (size 1.6 0.55) (layers B.Cu B.Paste B.Mask)
      (net 51 /RFM_RST))
    (pad 18 smd rect (at 4.25 -2 90) (size 1.6 0.55) (layers B.Cu B.Paste B.Mask)
      (net 50 /SS))
    (pad 19 smd rect (at 4.25 -1.2 90) (size 1.6 0.55) (layers B.Cu B.Paste B.Mask)
      (net 48 /MOSI))
    (pad 20 smd rect (at 4.25 -0.4 90) (size 1.6 0.55) (layers B.Cu B.Paste B.Mask)
      (net 49 /SCK))
    (pad 21 smd rect (at 4.25 0.4 90) (size 1.6 0.55) (layers B.Cu B.Paste B.Mask)
      (net 47 /MISO))
    (pad 22 smd rect (at 4.25 1.2 90) (size 1.6 0.55) (layers B.Cu B.Paste B.Mask)
      (net 56 /DIO1))
    (pad 23 smd rect (at 4.25 2 90) (size 1.6 0.55) (layers B.Cu B.Paste B.Mask)
      (net 19 /D-))
    (pad 24 smd rect (at 4.25 2.8 90) (size 1.6 0.55) (layers B.Cu B.Paste B.Mask)
      (net 20 /D+))
    (pad 25 smd rect (at 2.8 4.25) (size 1.6 0.55) (layers B.Cu B.Paste B.Mask)
      (net 57 /DIO2))
    (pad 26 smd rect (at 2 4.25) (size 1.6 0.55) (layers B.Cu B.Paste B.Mask)
      (net 44 "Net-(SW1-Pad2)"))
    (pad 27 smd rect (at 1.2 4.25) (size 1.6 0.55) (layers B.Cu B.Paste B.Mask)
      (net 60 "Net-(U8-Pad27)"))
    (pad 28 smd rect (at 0.4 4.25) (size 1.6 0.55) (layers B.Cu B.Paste B.Mask)
      (net 2 GND))
    (pad 29 smd rect (at -0.4 4.25) (size 1.6 0.55) (layers B.Cu B.Paste B.Mask)
      (net 6 "Net-(C8-Pad1)"))
    (pad 30 smd rect (at -1.2 4.25) (size 1.6 0.55) (layers B.Cu B.Paste B.Mask)
      (net 4 +3V3))
    (pad 31 smd rect (at -2 4.25) (size 1.6 0.55) (layers B.Cu B.Paste B.Mask)
      (net 24 /SWCLK))
    (pad 32 smd rect (at -2.8 4.25) (size 1.6 0.55) (layers B.Cu B.Paste B.Mask)
      (net 23 /SWDIO))
    (model ${KISYS3DMOD}/Package_QFP.3dshapes/TQFP-32_7x7mm_P0.8mm.wrl
      (at (xyz 0 0 0))
      (scale (xyz 1 1 1))
      (rotate (xyz 0 0 0))
    )
  )

  (module MountingHole:MountingHole_3.2mm_M3_Pad_Via (layer F.Cu) (tedit 5C6CC908) (tstamp 5C6C941A)
    (at 171 115)
    (descr "Mounting Hole 3.2mm, M3")
    (tags "mounting hole 3.2mm m3")
    (attr virtual)
    (fp_text reference REF** (at 0 -4.2) (layer B.Fab)
      (effects (font (size 1 1) (thickness 0.15)) (justify mirror))
    )
    (fp_text value MountingHole_3.2mm_M3_Pad_Via (at 0 4.2) (layer F.Fab)
      (effects (font (size 1 1) (thickness 0.15)))
    )
    (fp_text user %R (at 0.3 0) (layer F.Fab)
      (effects (font (size 1 1) (thickness 0.15)))
    )
    (fp_circle (center 0 0) (end 3.2 0) (layer Cmts.User) (width 0.15))
    (fp_circle (center 0 0) (end 3.45 0) (layer F.CrtYd) (width 0.05))
    (pad 1 thru_hole circle (at 0 0) (size 6.4 6.4) (drill 3.2) (layers *.Cu *.Mask))
    (pad 1 thru_hole circle (at 2.4 0) (size 0.8 0.8) (drill 0.5) (layers *.Cu *.Mask))
    (pad 1 thru_hole circle (at 1.697056 1.697056) (size 0.8 0.8) (drill 0.5) (layers *.Cu *.Mask))
    (pad 1 thru_hole circle (at 0 2.4) (size 0.8 0.8) (drill 0.5) (layers *.Cu *.Mask))
    (pad 1 thru_hole circle (at -1.697056 1.697056) (size 0.8 0.8) (drill 0.5) (layers *.Cu *.Mask))
    (pad 1 thru_hole circle (at -2.4 0) (size 0.8 0.8) (drill 0.5) (layers *.Cu *.Mask))
    (pad 1 thru_hole circle (at -1.697056 -1.697056) (size 0.8 0.8) (drill 0.5) (layers *.Cu *.Mask))
    (pad 1 thru_hole circle (at 0 -2.4) (size 0.8 0.8) (drill 0.5) (layers *.Cu *.Mask))
    (pad 1 thru_hole circle (at 1.697056 -1.697056) (size 0.8 0.8) (drill 0.5) (layers *.Cu *.Mask))
  )

  (module MountingHole:MountingHole_3.2mm_M3_Pad_Via (layer F.Cu) (tedit 5C6CC90F) (tstamp 5C6DFD45)
    (at 129 115)
    (descr "Mounting Hole 3.2mm, M3")
    (tags "mounting hole 3.2mm m3")
    (attr virtual)
    (fp_text reference REF** (at 0 -4.2) (layer B.Fab)
      (effects (font (size 1 1) (thickness 0.15)) (justify mirror))
    )
    (fp_text value MountingHole_3.2mm_M3_Pad_Via (at 0 4.2) (layer F.Fab)
      (effects (font (size 1 1) (thickness 0.15)))
    )
    (fp_circle (center 0 0) (end 3.45 0) (layer F.CrtYd) (width 0.05))
    (fp_circle (center 0 0) (end 3.2 0) (layer Cmts.User) (width 0.15))
    (fp_text user %R (at 0.3 0) (layer F.Fab)
      (effects (font (size 1 1) (thickness 0.15)))
    )
    (pad 1 thru_hole circle (at 1.697056 -1.697056) (size 0.8 0.8) (drill 0.5) (layers *.Cu *.Mask))
    (pad 1 thru_hole circle (at 0 -2.4) (size 0.8 0.8) (drill 0.5) (layers *.Cu *.Mask))
    (pad 1 thru_hole circle (at -1.697056 -1.697056) (size 0.8 0.8) (drill 0.5) (layers *.Cu *.Mask))
    (pad 1 thru_hole circle (at -2.4 0) (size 0.8 0.8) (drill 0.5) (layers *.Cu *.Mask))
    (pad 1 thru_hole circle (at -1.697056 1.697056) (size 0.8 0.8) (drill 0.5) (layers *.Cu *.Mask))
    (pad 1 thru_hole circle (at 0 2.4) (size 0.8 0.8) (drill 0.5) (layers *.Cu *.Mask))
    (pad 1 thru_hole circle (at 1.697056 1.697056) (size 0.8 0.8) (drill 0.5) (layers *.Cu *.Mask))
    (pad 1 thru_hole circle (at 2.4 0) (size 0.8 0.8) (drill 0.5) (layers *.Cu *.Mask))
    (pad 1 thru_hole circle (at 0 0) (size 6.4 6.4) (drill 3.2) (layers *.Cu *.Mask))
  )

  (module MountingHole:MountingHole_3.2mm_M3_Pad_Via (layer F.Cu) (tedit 5C6CC91F) (tstamp 5C6DFBF6)
    (at 129 45)
    (descr "Mounting Hole 3.2mm, M3")
    (tags "mounting hole 3.2mm m3")
    (attr virtual)
    (fp_text reference REF** (at 0 -4.2) (layer F.Fab)
      (effects (font (size 1 1) (thickness 0.15)))
    )
    (fp_text value MountingHole_3.2mm_M3_Pad_Via (at 0 4.2) (layer F.Fab)
      (effects (font (size 1 1) (thickness 0.15)))
    )
    (fp_text user %R (at 0.3 0) (layer F.Fab)
      (effects (font (size 1 1) (thickness 0.15)))
    )
    (fp_circle (center 0 0) (end 3.2 0) (layer Cmts.User) (width 0.15))
    (fp_circle (center 0 0) (end 3.45 0) (layer F.CrtYd) (width 0.05))
    (pad 1 thru_hole circle (at 0 0) (size 6.4 6.4) (drill 3.2) (layers *.Cu *.Mask))
    (pad 1 thru_hole circle (at 2.4 0) (size 0.8 0.8) (drill 0.5) (layers *.Cu *.Mask))
    (pad 1 thru_hole circle (at 1.697056 1.697056) (size 0.8 0.8) (drill 0.5) (layers *.Cu *.Mask))
    (pad 1 thru_hole circle (at 0 2.4) (size 0.8 0.8) (drill 0.5) (layers *.Cu *.Mask))
    (pad 1 thru_hole circle (at -1.697056 1.697056) (size 0.8 0.8) (drill 0.5) (layers *.Cu *.Mask))
    (pad 1 thru_hole circle (at -2.4 0) (size 0.8 0.8) (drill 0.5) (layers *.Cu *.Mask))
    (pad 1 thru_hole circle (at -1.697056 -1.697056) (size 0.8 0.8) (drill 0.5) (layers *.Cu *.Mask))
    (pad 1 thru_hole circle (at 0 -2.4) (size 0.8 0.8) (drill 0.5) (layers *.Cu *.Mask))
    (pad 1 thru_hole circle (at 1.697056 -1.697056) (size 0.8 0.8) (drill 0.5) (layers *.Cu *.Mask))
  )

  (module Capacitor_SMD:C_0805_2012Metric_Pad1.15x1.40mm_HandSolder (layer B.Cu) (tedit 5B36C52B) (tstamp 5C6BD24F)
    (at 149.164126 48.931714 90)
    (descr "Capacitor SMD 0805 (2012 Metric), square (rectangular) end terminal, IPC_7351 nominal with elongated pad for handsoldering. (Body size source: https://docs.google.com/spreadsheets/d/1BsfQQcO9C6DZCsRaXUlFlo91Tg2WpOkGARC1WS5S8t0/edit?usp=sharing), generated with kicad-footprint-generator")
    (tags "capacitor handsolder")
    (path /5C48E530)
    (attr smd)
    (fp_text reference C10 (at 3.475 0 90) (layer B.SilkS)
      (effects (font (size 1 1) (thickness 0.15)) (justify mirror))
    )
    (fp_text value 1uf (at 0 -1.65 90) (layer B.Fab)
      (effects (font (size 1 1) (thickness 0.15)) (justify mirror))
    )
    (fp_line (start -1 -0.6) (end -1 0.6) (layer B.Fab) (width 0.1))
    (fp_line (start -1 0.6) (end 1 0.6) (layer B.Fab) (width 0.1))
    (fp_line (start 1 0.6) (end 1 -0.6) (layer B.Fab) (width 0.1))
    (fp_line (start 1 -0.6) (end -1 -0.6) (layer B.Fab) (width 0.1))
    (fp_line (start -0.261252 0.71) (end 0.261252 0.71) (layer B.SilkS) (width 0.12))
    (fp_line (start -0.261252 -0.71) (end 0.261252 -0.71) (layer B.SilkS) (width 0.12))
    (fp_line (start -1.85 -0.95) (end -1.85 0.95) (layer B.CrtYd) (width 0.05))
    (fp_line (start -1.85 0.95) (end 1.85 0.95) (layer B.CrtYd) (width 0.05))
    (fp_line (start 1.85 0.95) (end 1.85 -0.95) (layer B.CrtYd) (width 0.05))
    (fp_line (start 1.85 -0.95) (end -1.85 -0.95) (layer B.CrtYd) (width 0.05))
    (fp_text user %R (at 0 0 90) (layer B.Fab)
      (effects (font (size 0.5 0.5) (thickness 0.08)) (justify mirror))
    )
    (pad 1 smd roundrect (at -1.025 0 90) (size 1.15 1.4) (layers B.Cu B.Paste B.Mask) (roundrect_rratio 0.217391)
      (net 4 +3V3))
    (pad 2 smd roundrect (at 1.025 0 90) (size 1.15 1.4) (layers B.Cu B.Paste B.Mask) (roundrect_rratio 0.217391)
      (net 2 GND))
    (model ${KISYS3DMOD}/Capacitor_SMD.3dshapes/C_0805_2012Metric.wrl
      (at (xyz 0 0 0))
      (scale (xyz 1 1 1))
      (rotate (xyz 0 0 0))
    )
  )

  (module Capacitor_SMD:C_0805_2012Metric_Pad1.15x1.40mm_HandSolder (layer F.Cu) (tedit 5B36C52B) (tstamp 5C6DFF55)
    (at 155.65 54.9)
    (descr "Capacitor SMD 0805 (2012 Metric), square (rectangular) end terminal, IPC_7351 nominal with elongated pad for handsoldering. (Body size source: https://docs.google.com/spreadsheets/d/1BsfQQcO9C6DZCsRaXUlFlo91Tg2WpOkGARC1WS5S8t0/edit?usp=sharing), generated with kicad-footprint-generator")
    (tags "capacitor handsolder")
    (path /5C495BB2)
    (attr smd)
    (fp_text reference C1 (at 3.15 -0.75 180) (layer F.SilkS)
      (effects (font (size 1 1) (thickness 0.15)))
    )
    (fp_text value 10uf (at 0 1.65) (layer F.Fab)
      (effects (font (size 1 1) (thickness 0.15)))
    )
    (fp_line (start -1 0.6) (end -1 -0.6) (layer F.Fab) (width 0.1))
    (fp_line (start -1 -0.6) (end 1 -0.6) (layer F.Fab) (width 0.1))
    (fp_line (start 1 -0.6) (end 1 0.6) (layer F.Fab) (width 0.1))
    (fp_line (start 1 0.6) (end -1 0.6) (layer F.Fab) (width 0.1))
    (fp_line (start -0.261252 -0.71) (end 0.261252 -0.71) (layer F.SilkS) (width 0.12))
    (fp_line (start -0.261252 0.71) (end 0.261252 0.71) (layer F.SilkS) (width 0.12))
    (fp_line (start -1.85 0.95) (end -1.85 -0.95) (layer F.CrtYd) (width 0.05))
    (fp_line (start -1.85 -0.95) (end 1.85 -0.95) (layer F.CrtYd) (width 0.05))
    (fp_line (start 1.85 -0.95) (end 1.85 0.95) (layer F.CrtYd) (width 0.05))
    (fp_line (start 1.85 0.95) (end -1.85 0.95) (layer F.CrtYd) (width 0.05))
    (fp_text user %R (at 0 0) (layer F.Fab)
      (effects (font (size 0.5 0.5) (thickness 0.08)))
    )
    (pad 1 smd roundrect (at -1.025 0) (size 1.15 1.4) (layers F.Cu F.Paste F.Mask) (roundrect_rratio 0.217391)
      (net 3 VCC))
    (pad 2 smd roundrect (at 1.025 0) (size 1.15 1.4) (layers F.Cu F.Paste F.Mask) (roundrect_rratio 0.217391)
      (net 2 GND))
    (model ${KISYS3DMOD}/Capacitor_SMD.3dshapes/C_0805_2012Metric.wrl
      (at (xyz 0 0 0))
      (scale (xyz 1 1 1))
      (rotate (xyz 0 0 0))
    )
  )

  (module Capacitor_SMD:C_0805_2012Metric_Pad1.15x1.40mm_HandSolder (layer B.Cu) (tedit 5B36C52B) (tstamp 5C6C7B1F)
    (at 166.525 60.5)
    (descr "Capacitor SMD 0805 (2012 Metric), square (rectangular) end terminal, IPC_7351 nominal with elongated pad for handsoldering. (Body size source: https://docs.google.com/spreadsheets/d/1BsfQQcO9C6DZCsRaXUlFlo91Tg2WpOkGARC1WS5S8t0/edit?usp=sharing), generated with kicad-footprint-generator")
    (tags "capacitor handsolder")
    (path /5C4914B9)
    (attr smd)
    (fp_text reference C2 (at 2.875 0) (layer B.SilkS)
      (effects (font (size 1 1) (thickness 0.15)) (justify mirror))
    )
    (fp_text value 10uf (at 0 -1.65) (layer B.Fab)
      (effects (font (size 1 1) (thickness 0.15)) (justify mirror))
    )
    (fp_line (start -1 -0.6) (end -1 0.6) (layer B.Fab) (width 0.1))
    (fp_line (start -1 0.6) (end 1 0.6) (layer B.Fab) (width 0.1))
    (fp_line (start 1 0.6) (end 1 -0.6) (layer B.Fab) (width 0.1))
    (fp_line (start 1 -0.6) (end -1 -0.6) (layer B.Fab) (width 0.1))
    (fp_line (start -0.261252 0.71) (end 0.261252 0.71) (layer B.SilkS) (width 0.12))
    (fp_line (start -0.261252 -0.71) (end 0.261252 -0.71) (layer B.SilkS) (width 0.12))
    (fp_line (start -1.85 -0.95) (end -1.85 0.95) (layer B.CrtYd) (width 0.05))
    (fp_line (start -1.85 0.95) (end 1.85 0.95) (layer B.CrtYd) (width 0.05))
    (fp_line (start 1.85 0.95) (end 1.85 -0.95) (layer B.CrtYd) (width 0.05))
    (fp_line (start 1.85 -0.95) (end -1.85 -0.95) (layer B.CrtYd) (width 0.05))
    (fp_text user %R (at 0 0) (layer B.Fab)
      (effects (font (size 0.5 0.5) (thickness 0.08)) (justify mirror))
    )
    (pad 1 smd roundrect (at -1.025 0) (size 1.15 1.4) (layers B.Cu B.Paste B.Mask) (roundrect_rratio 0.217391)
      (net 3 VCC))
    (pad 2 smd roundrect (at 1.025 0) (size 1.15 1.4) (layers B.Cu B.Paste B.Mask) (roundrect_rratio 0.217391)
      (net 2 GND))
    (model ${KISYS3DMOD}/Capacitor_SMD.3dshapes/C_0805_2012Metric.wrl
      (at (xyz 0 0 0))
      (scale (xyz 1 1 1))
      (rotate (xyz 0 0 0))
    )
  )

  (module Capacitor_SMD:C_0805_2012Metric_Pad1.15x1.40mm_HandSolder (layer B.Cu) (tedit 5B36C52B) (tstamp 5C6E196D)
    (at 158.5 51.1 90)
    (descr "Capacitor SMD 0805 (2012 Metric), square (rectangular) end terminal, IPC_7351 nominal with elongated pad for handsoldering. (Body size source: https://docs.google.com/spreadsheets/d/1BsfQQcO9C6DZCsRaXUlFlo91Tg2WpOkGARC1WS5S8t0/edit?usp=sharing), generated with kicad-footprint-generator")
    (tags "capacitor handsolder")
    (path /5C491527)
    (attr smd)
    (fp_text reference C3 (at -3.175 0 90) (layer B.SilkS)
      (effects (font (size 1 1) (thickness 0.15)) (justify mirror))
    )
    (fp_text value 0.1uf (at 0 -1.65 90) (layer B.Fab)
      (effects (font (size 1 1) (thickness 0.15)) (justify mirror))
    )
    (fp_text user %R (at 0 0 90) (layer B.Fab)
      (effects (font (size 0.5 0.5) (thickness 0.08)) (justify mirror))
    )
    (fp_line (start 1.85 -0.95) (end -1.85 -0.95) (layer B.CrtYd) (width 0.05))
    (fp_line (start 1.85 0.95) (end 1.85 -0.95) (layer B.CrtYd) (width 0.05))
    (fp_line (start -1.85 0.95) (end 1.85 0.95) (layer B.CrtYd) (width 0.05))
    (fp_line (start -1.85 -0.95) (end -1.85 0.95) (layer B.CrtYd) (width 0.05))
    (fp_line (start -0.261252 -0.71) (end 0.261252 -0.71) (layer B.SilkS) (width 0.12))
    (fp_line (start -0.261252 0.71) (end 0.261252 0.71) (layer B.SilkS) (width 0.12))
    (fp_line (start 1 -0.6) (end -1 -0.6) (layer B.Fab) (width 0.1))
    (fp_line (start 1 0.6) (end 1 -0.6) (layer B.Fab) (width 0.1))
    (fp_line (start -1 0.6) (end 1 0.6) (layer B.Fab) (width 0.1))
    (fp_line (start -1 -0.6) (end -1 0.6) (layer B.Fab) (width 0.1))
    (pad 2 smd roundrect (at 1.025 0 90) (size 1.15 1.4) (layers B.Cu B.Paste B.Mask) (roundrect_rratio 0.217391)
      (net 2 GND))
    (pad 1 smd roundrect (at -1.025 0 90) (size 1.15 1.4) (layers B.Cu B.Paste B.Mask) (roundrect_rratio 0.217391)
      (net 4 +3V3))
    (model ${KISYS3DMOD}/Capacitor_SMD.3dshapes/C_0805_2012Metric.wrl
      (at (xyz 0 0 0))
      (scale (xyz 1 1 1))
      (rotate (xyz 0 0 0))
    )
  )

  (module Capacitor_SMD:C_0805_2012Metric_Pad1.15x1.40mm_HandSolder (layer F.Cu) (tedit 5B36C52B) (tstamp 5C6DFF85)
    (at 154.6 46.15 90)
    (descr "Capacitor SMD 0805 (2012 Metric), square (rectangular) end terminal, IPC_7351 nominal with elongated pad for handsoldering. (Body size source: https://docs.google.com/spreadsheets/d/1BsfQQcO9C6DZCsRaXUlFlo91Tg2WpOkGARC1WS5S8t0/edit?usp=sharing), generated with kicad-footprint-generator")
    (tags "capacitor handsolder")
    (path /5C495D59)
    (attr smd)
    (fp_text reference C4 (at 0 -1.65 90) (layer F.SilkS)
      (effects (font (size 1 1) (thickness 0.15)))
    )
    (fp_text value 10uf (at 0 1.65 90) (layer F.Fab)
      (effects (font (size 1 1) (thickness 0.15)))
    )
    (fp_text user %R (at 0 0 90) (layer F.Fab)
      (effects (font (size 0.5 0.5) (thickness 0.08)))
    )
    (fp_line (start 1.85 0.95) (end -1.85 0.95) (layer F.CrtYd) (width 0.05))
    (fp_line (start 1.85 -0.95) (end 1.85 0.95) (layer F.CrtYd) (width 0.05))
    (fp_line (start -1.85 -0.95) (end 1.85 -0.95) (layer F.CrtYd) (width 0.05))
    (fp_line (start -1.85 0.95) (end -1.85 -0.95) (layer F.CrtYd) (width 0.05))
    (fp_line (start -0.261252 0.71) (end 0.261252 0.71) (layer F.SilkS) (width 0.12))
    (fp_line (start -0.261252 -0.71) (end 0.261252 -0.71) (layer F.SilkS) (width 0.12))
    (fp_line (start 1 0.6) (end -1 0.6) (layer F.Fab) (width 0.1))
    (fp_line (start 1 -0.6) (end 1 0.6) (layer F.Fab) (width 0.1))
    (fp_line (start -1 -0.6) (end 1 -0.6) (layer F.Fab) (width 0.1))
    (fp_line (start -1 0.6) (end -1 -0.6) (layer F.Fab) (width 0.1))
    (pad 2 smd roundrect (at 1.025 0 90) (size 1.15 1.4) (layers F.Cu F.Paste F.Mask) (roundrect_rratio 0.217391)
      (net 2 GND))
    (pad 1 smd roundrect (at -1.025 0 90) (size 1.15 1.4) (layers F.Cu F.Paste F.Mask) (roundrect_rratio 0.217391)
      (net 5 /BATT))
    (model ${KISYS3DMOD}/Capacitor_SMD.3dshapes/C_0805_2012Metric.wrl
      (at (xyz 0 0 0))
      (scale (xyz 1 1 1))
      (rotate (xyz 0 0 0))
    )
  )

  (module Capacitor_SMD:C_0805_2012Metric_Pad1.15x1.40mm_HandSolder (layer B.Cu) (tedit 5B36C52B) (tstamp 5C6BD1FA)
    (at 161.8 52.1)
    (descr "Capacitor SMD 0805 (2012 Metric), square (rectangular) end terminal, IPC_7351 nominal with elongated pad for handsoldering. (Body size source: https://docs.google.com/spreadsheets/d/1BsfQQcO9C6DZCsRaXUlFlo91Tg2WpOkGARC1WS5S8t0/edit?usp=sharing), generated with kicad-footprint-generator")
    (tags "capacitor handsolder")
    (path /5C491587)
    (attr smd)
    (fp_text reference C5 (at -3.2 0) (layer B.SilkS)
      (effects (font (size 1 1) (thickness 0.15)) (justify mirror))
    )
    (fp_text value 10uf (at 0 -1.65) (layer B.Fab)
      (effects (font (size 1 1) (thickness 0.15)) (justify mirror))
    )
    (fp_line (start -1 -0.6) (end -1 0.6) (layer B.Fab) (width 0.1))
    (fp_line (start -1 0.6) (end 1 0.6) (layer B.Fab) (width 0.1))
    (fp_line (start 1 0.6) (end 1 -0.6) (layer B.Fab) (width 0.1))
    (fp_line (start 1 -0.6) (end -1 -0.6) (layer B.Fab) (width 0.1))
    (fp_line (start -0.261252 0.71) (end 0.261252 0.71) (layer B.SilkS) (width 0.12))
    (fp_line (start -0.261252 -0.71) (end 0.261252 -0.71) (layer B.SilkS) (width 0.12))
    (fp_line (start -1.85 -0.95) (end -1.85 0.95) (layer B.CrtYd) (width 0.05))
    (fp_line (start -1.85 0.95) (end 1.85 0.95) (layer B.CrtYd) (width 0.05))
    (fp_line (start 1.85 0.95) (end 1.85 -0.95) (layer B.CrtYd) (width 0.05))
    (fp_line (start 1.85 -0.95) (end -1.85 -0.95) (layer B.CrtYd) (width 0.05))
    (fp_text user %R (at 0 0) (layer B.Fab)
      (effects (font (size 0.5 0.5) (thickness 0.08)) (justify mirror))
    )
    (pad 1 smd roundrect (at -1.025 0) (size 1.15 1.4) (layers B.Cu B.Paste B.Mask) (roundrect_rratio 0.217391)
      (net 4 +3V3))
    (pad 2 smd roundrect (at 1.025 0) (size 1.15 1.4) (layers B.Cu B.Paste B.Mask) (roundrect_rratio 0.217391)
      (net 2 GND))
    (model ${KISYS3DMOD}/Capacitor_SMD.3dshapes/C_0805_2012Metric.wrl
      (at (xyz 0 0 0))
      (scale (xyz 1 1 1))
      (rotate (xyz 0 0 0))
    )
  )

  (module Capacitor_SMD:C_0805_2012Metric_Pad1.15x1.40mm_HandSolder (layer B.Cu) (tedit 5B36C52B) (tstamp 5C6BB3D8)
    (at 142.9 83.8 90)
    (descr "Capacitor SMD 0805 (2012 Metric), square (rectangular) end terminal, IPC_7351 nominal with elongated pad for handsoldering. (Body size source: https://docs.google.com/spreadsheets/d/1BsfQQcO9C6DZCsRaXUlFlo91Tg2WpOkGARC1WS5S8t0/edit?usp=sharing), generated with kicad-footprint-generator")
    (tags "capacitor handsolder")
    (path /5C48E980)
    (attr smd)
    (fp_text reference C6 (at 3.225 0 90) (layer B.SilkS)
      (effects (font (size 1 1) (thickness 0.15)) (justify mirror))
    )
    (fp_text value 0.1uf (at 0 -1.65 90) (layer B.Fab)
      (effects (font (size 1 1) (thickness 0.15)) (justify mirror))
    )
    (fp_text user %R (at 0 0 90) (layer B.Fab)
      (effects (font (size 0.5 0.5) (thickness 0.08)) (justify mirror))
    )
    (fp_line (start 1.85 -0.95) (end -1.85 -0.95) (layer B.CrtYd) (width 0.05))
    (fp_line (start 1.85 0.95) (end 1.85 -0.95) (layer B.CrtYd) (width 0.05))
    (fp_line (start -1.85 0.95) (end 1.85 0.95) (layer B.CrtYd) (width 0.05))
    (fp_line (start -1.85 -0.95) (end -1.85 0.95) (layer B.CrtYd) (width 0.05))
    (fp_line (start -0.261252 -0.71) (end 0.261252 -0.71) (layer B.SilkS) (width 0.12))
    (fp_line (start -0.261252 0.71) (end 0.261252 0.71) (layer B.SilkS) (width 0.12))
    (fp_line (start 1 -0.6) (end -1 -0.6) (layer B.Fab) (width 0.1))
    (fp_line (start 1 0.6) (end 1 -0.6) (layer B.Fab) (width 0.1))
    (fp_line (start -1 0.6) (end 1 0.6) (layer B.Fab) (width 0.1))
    (fp_line (start -1 -0.6) (end -1 0.6) (layer B.Fab) (width 0.1))
    (pad 2 smd roundrect (at 1.025 0 90) (size 1.15 1.4) (layers B.Cu B.Paste B.Mask) (roundrect_rratio 0.217391)
      (net 2 GND))
    (pad 1 smd roundrect (at -1.025 0 90) (size 1.15 1.4) (layers B.Cu B.Paste B.Mask) (roundrect_rratio 0.217391)
      (net 4 +3V3))
    (model ${KISYS3DMOD}/Capacitor_SMD.3dshapes/C_0805_2012Metric.wrl
      (at (xyz 0 0 0))
      (scale (xyz 1 1 1))
      (rotate (xyz 0 0 0))
    )
  )

  (module Capacitor_SMD:C_0805_2012Metric_Pad1.15x1.40mm_HandSolder (layer B.Cu) (tedit 5B36C52B) (tstamp 5C6BD21C)
    (at 146.914126 48.981714 90)
    (descr "Capacitor SMD 0805 (2012 Metric), square (rectangular) end terminal, IPC_7351 nominal with elongated pad for handsoldering. (Body size source: https://docs.google.com/spreadsheets/d/1BsfQQcO9C6DZCsRaXUlFlo91Tg2WpOkGARC1WS5S8t0/edit?usp=sharing), generated with kicad-footprint-generator")
    (tags "capacitor handsolder")
    (path /5C4F27C7)
    (attr smd)
    (fp_text reference C7 (at 3.025 0 90) (layer B.SilkS)
      (effects (font (size 1 1) (thickness 0.15)) (justify mirror))
    )
    (fp_text value 0.1uf (at 0 -1.65 90) (layer B.Fab)
      (effects (font (size 1 1) (thickness 0.15)) (justify mirror))
    )
    (fp_text user %R (at 0 0 90) (layer B.Fab)
      (effects (font (size 0.5 0.5) (thickness 0.08)) (justify mirror))
    )
    (fp_line (start 1.85 -0.95) (end -1.85 -0.95) (layer B.CrtYd) (width 0.05))
    (fp_line (start 1.85 0.95) (end 1.85 -0.95) (layer B.CrtYd) (width 0.05))
    (fp_line (start -1.85 0.95) (end 1.85 0.95) (layer B.CrtYd) (width 0.05))
    (fp_line (start -1.85 -0.95) (end -1.85 0.95) (layer B.CrtYd) (width 0.05))
